0.407420 0.373590 0.425585 0.417989 0.409194 0.381414 0.391106 0.395866 0.395264 0.431842
0.385486 0.350323 0.374493 0.366700 0.393295 0.378044 0.414307 0.404660 0.438057 0.419126
0.349863 0.337269 0.346771 0.345936 0.374798 0.356923 0.383012 0.377691 0.427609 0.407582
0.349243 0.334819 0.326199 0.330388 0.339504 0.341930 0.363477 0.360489 0.415284 0.396859
0.347874 0.331383 0.346041 0.342170 0.344720 0.326095 0.359707 0.367770 0.380019 0.384761
0.399632 0.355200 0.359112 0.343992 0.365314 0.324870 0.354536 0.386051 0.385857 0.419796
0.375832 0.330883 0.354885 0.364873 0.340637 0.339877 0.355233 0.350230 0.359693 0.383240
0.380429 0.345551 0.360085 0.352255 0.355395 0.332579 0.355747 0.365659 0.363743 0.375378
0.420812 0.370397 0.374417 0.378367 0.399517 0.375363 0.381014 0.389212 0.388183 0.385484
0.425038 0.399846 0.387177 0.406163 0.395559 0.415090 0.384953 0.393860 0.386236 0.398262
